1.79775938494579
-0.611976447342879
-1.51312101714707
1.89175614403339
1.2325222902315
0.360040520363745
1.03580165413378
-0.20662820620487
-0.349410309776742
0.0523014687426002
0.958593095927814
0.731245151023325
0.128620835940723
2.00650102027252
2.58464192933667
1.04767355569793
0.642875357425499
-0.370695963246302
0.110905679182183
-0.318480882017502
-0.201581446430636
-1.32247709179792
0.288627152973364
0.970502762361026
1.28443181933791
3.25171174824187
3.8838220883611
1.63111331729861
0.95505349774602
0.533092883071278
-0.180364456359364
0.589111916565285
-0.964991408116463
-2.0883486363124
2.21700092904829
-0.0547104374906624
-2.03798403366748
1.13005637450564
2.43849188607874
0.22349305335651
-0.278106803823626
0.647503270470169
-0.261215607844553
-0.0557403884649954
0.216788072513594
1.2408648931236
-2.36782240002791
0.721872597156889
2.27411171057509
0.273924848041174
2.12178196147115
1.39888683794569
0.00595367489758658
0.0980141261534406
0.227908109866483
-0.437955195040203
0.354293393926962
-1.77998131459691
2.74850369618324
2.31098395545623
1.17134320235608
4.16520837294539
-0.112181701858479
2.40644324492739
0.326989393597374
-0.157200858946601
0.14293715448396
-0.486568881028749
-1.47127067588998
1.73400541963454
-0.306413289768226
-0.235260843291345
-0.720264757105049
0.812946012062339
0.68572131795778
0.52617504569367
1.50803417586574
0.217852355187073
-0.696884869987676
-0.69636989450051
-0.0111812761454093
-1.42650214020561
0.610572661700484
-0.0452348885267941
0.00894053272315531
1.22121769039942
1.19204521694019
0.993501567617892
0.985746036781164
-0.439235767418291
-0.0352443640757567
-0.14864196634989
-0.328124656307182
-2.33553687015247
-0.268205541790364
0.586434044032016
-0.0809741873361673
2.03888562162263
1.36981475511017
0.60439982219431
1.2498254666003
-0.629635937703521
-0.569067954072874
-0.389032523759354
-0.51554483510667
-1.77596450579701
-0.327273230168398
2.00508851607915
1.63646906236514
1.21581501406927
0.393627221636763
0.979559464595333
1.51740672973218
-0.54364189768649
-0.0917886725666737
-0.445164851860538
-1.44093861969586
-0.964672123314418
0.391117574429302
-1.44905806654352
1.91301089897372
0.227058400312659
2.94636071152264
0.115255505463784
0.702612513936849
0.273620767277324
-0.324660587863507
0.0673387529678724
-1.31205398793766
-1.98731044573027
1.16666035859278
-1.24965955791253
1.94493937917807
3.49639715047781
0.979463335837726
2.57055563317771
0.822498807349282
0.0817306012492285
-0.281814627331226
0.181663311118903
-0.9243358099896
-0.552794728678402
-0.236277061586023
-0.490379699633785
0.1659050612116
2.31518100567664
0.693651940460148
1.29714141436119
1.29988108395292
0.025642904356932
0.485807833839621
-0.511287704412757
-0.181360075634553
-0.742099717760922
-1.72382495430633
0.247374183281387
0.462839927111983
3.66028226457101
1.69744216004569
0.668576067405038
0.902011022567839
0.93060246161534
0.154781590688795
0.14087725253529
0.0954598477370929
0.919623184228943
-0.0153319785719752
-2.62124527043262
-0.174699726000528
-0.206484748747732
2.85510705519668
0.782347885199844
0.615169676215924
-0.697537172271419
-0.379968955185221
0.370968300201422
-0.383786640130083
-0.743850634417289
0.164425364978474
-1.12246061258233
-1.38458313555024
-0.235271497956598
0.656676700481569
1.18134745948677
-0.609957007753918
0.219768063999332
0.0195490277587904
-0.115065564586612
-0.397941599687341
1.79580247809456
0.025642904356932
1.19657700122725
0.787686464416806
1.86989273711251
0.947019880146218
0.421768915425472
1.12097859971117
0.469342350929942
0.240885492143086
-0.0555343982701295
-1.7569241454515
-0.588328037292912
-0.661777274442557
0.461500990845348
2.66394815436036
3.15843497393061
2.0920163783129
2.41176465829478
0.97369561038146
0.859827663829048
-0.593992767651747
-0.862603981757957
-1.40411443919352
-0.399229038405259
-2.01948268099854
3.5105678552626
1.16145567300248
3.79164515455459
1.98273857993611
2.57108777451445
0.37508810409876
-0.398793025826127
-0.257301794142085
-0.29540998019243
-1.24404632510241
0.340893731750882
-1.11899311096874
0.137272424125126
0.0599231059526701
-0.889475047522813
1.66355677299012
0.933263168299035
0.609401950759656
0.148354696608955
-0.141741294821854
-0.623346370420254
-1.20711571633272
0.312982060346439
-0.125485235276955
1.06515525690228
0.174247664103701
0.00105037258049201
0.909220679388175
0.682411742160252
1.90353535000985
-0.0879160569031789
0.475508324096285
-0.883100006147195
-0.323441812543876
-0.233921907024714
-2.90092159117308
5.19886349239027
0.242121433312288
-0.13897881917284
1.25950700575904
0.360040520363745
0.253141908737657
0.131539030368002
0.298665741803202
-0.0621260845058629
-0.365055265076871
0.615581656605658
0.548418553569363
0.845878694466656
-2.21482661596057
-0.262131528532443
0.618671509528658
3.10269696991674
1.63914693489841
-0.0669496882356615
-0.29664592136163
-0.0493546924241279
-0.930827934297817
-1.20320876897009
-1.09100247665626
0.405986633328768
1.47744463192803
1.14987405187385
1.54171357272645
0.0426714271325803
1.83586757099613
0.253399396481242
-0.428582641173767
-0.203744343476737
0.0367114441611047
-0.527869915099529
1.98307159741781
-0.62746617431759
1.06556723729202
1.23531419305121
2.88682954520616
1.47785661231777
0.847526616025588
-0.316736831700965
-0.0280347072554221
-0.478226278136649
-1.26277770015563
-1.99081227904301
0.21263737008703
-0.416326224579198
2.4405517880274
2.18484438827106
0.707659273711085
2.10493196353105
0.28301048699333
0.465191648503376
0.137684404514857
0.111214664474483
-0.525868377039405
-1.52630438961854
-1.13729877295256
-0.567626022708808
0.473757407439917
0.507914995824427
0.406192623523634
1.27202434326711
0.500021157285428
0.723918766425898
0.55223967168414
0.0824790322905748
-0.955519292322506
1.19400212379142
0.1048255352637
-0.750442320653026
2.54715171387093
2.18435681049454
1.40050729414531
1.01202008613641
0.334920016099746
0.299482836242841
-0.0650099472339996
-0.499649258402789
-0.297686171845708
-0.212292936563706
-1.44924002454899
-1.07240499522972
-2.50650873189185
1.00189419670018
0.550076774638041
3.08939343649827
-0.273678014633992
-0.445408606924465
0.379825878580693
-0.028137702352856
-0.68348864098151
-0.665574360367932
1.12153477323731
1.7305035863218
-1.08095358831668
0.0612583638229651
0.792527233996175
1.7797936067835
-0.214455833609806
-0.0496018806579688
0.06208600299877
-0.224137372768542
-0.779912651198623
1.35683737283356
-0.756072719312714
-0.505313988761623
-0.73900986483792
0.220444643698901
1.29030253989161
0.957103100184943
1.03106387965184
0.238499439052546
0.166935012185935
-0.350203372026979
-0.380168079040258
-0.696575884695376
0.080985603377794
-2.19443358666876
-1.7299256972443
-1.46286651270976
0.923022022444245
1.35844409635352
0.870597517850664
0.585136305804355
-0.500061238792519
0.44584573603548
-0.770972676741408
0.277860732121663
-1.69508932212242
0.20205634041071
-3.06721404231907
-0.275359041759957
-0.708626311095079
0.958699524195163
0.44007801057921
-0.111755988789088
0.117291375223052
0.0512715177682672
0.439116723003165
1.31831720639349
-1.9973456013902
-0.694515982746708
0.901908027470405
1.14431802446883
-1.36604401801223
1.99531084816281
0.899127159839704
0.303633538669406
-0.344641636765578
-0.15296776044209
0.391969000568086
-1.64557271244637
-1.76448055243319
-1.21340528361599
1.28051800563544
0.584429318028402
1.29215645164541
0.102803398184093
0.672537945486306
-0.214672123314418
-0.1835573043798
-0.382543832621055
0.279367893714104
-1.54154766403868
-0.347068887895091
0.635150725117997
1.817534443653
1.60975426502398
-0.0615081139212634
-0.173484383850814
0.194949678687806
-0.483935639704372
0.0981342871004482
-0.555266611016803
-0.0862132046256132
-1.26644775879417
0.554484964808188
0.0623949882910697
-0.839842065225183
-1.5438319481639
-1.4770727330454
-0.340789620121569
0.862975880640594
0.56597921768175
-0.558871439426973
-0.531783728801997
-1.54747331531101
-0.887322805141961
1.3158727894144
-0.0122764573481167
-0.0871538931821743
-2.08467759676817
-0.640031576204459
2.86738407081074
-0.141226319334686
-0.409755137362948
-0.33526908289914
-0.786593599852134
0.399844692351824
-1.19404220529851
-1.1039867252727
-1.94147762737242
-0.86517885919379
0.134921928865841
0.848350576805057
1.21465950716664
0.316174908366873
-0.00319915609432364
-0.303649587987099
-0.441148043060638
0.0408621465876688
-0.196225701364103
-0.649750880232256
0.131813683961155
-2.66460620645206
-1.50536442084381
-0.682877536736738
2.42709032879286
-0.943043152853413
0.254889392224108
0.19814252670824
-0.230626063906845
-0.857392429827826
-0.57349674326251
1.24616227430159
1.92155949206069
1.97243907019277
0.257048365647449
2.43787391549413
1.04107500312237
-0.521690209253528
-0.481913502624764
-0.139578397775754
-0.638692639937826
-1.06652397516627
-0.524883057273961
-0.592279615864438
-2.23006989038071
-1.30465893994195
-0.128488032819982
-0.0499726630087274
-0.189661480487684
0.899642135326872
0.234561593160677
0.0133693219127888
-0.449593641050173
-1.0093719956005
-0.196637681753836
0.820555633177706
0.327813354376845
1.80702894371479
0.332194324414099
-0.627981149804757
1.1798574637439
-0.388311558077325
-0.292896899815055
-0.534873581724996
-0.438367175429937
-0.709882851283764
0.32863731515631
-0.71648140385933
-0.354323175924312
0.0137813023025224
-1.25390011468272
-0.205083279743372
0.608869809422918
-0.090552731397473
-0.565353264225443
-0.312198181074066
0.0772262823214742
-1.06471469462136
0.616714602677426
-1.94179004583464
-0.207143181692039
-1.31588540556218
0.427865734740683
0.00317280726688551
0.959125237264553
0.0202699934408255
0.0674692134246193
-0.106516971499646
-0.518291371038226
-0.891555903646474
-0.904316996218469
-0.668162970483424
-0.691117144531407
-1.91171204421418
-0.432720837052786
1.4949537984917
-0.286511203774188
-0.11496256948918
-0.0931310420032219
-0.422402935327765
0.0202699934408255
-0.667524400879339
0.0749603901779405
-0.880700220376998
-1.33947128287442
-2.05085842084666
1.29894309288701
1.47435477900503
-0.515331978571973
0.702097538449683
-0.0315090752088416
-0.154924667293324
0.389713407934295
-0.987767057328892
-1.71921420711123
-1.76809911352302
-1.44081845874885
-0.890824638454697
-1.28825075545429
2.1805921621056
1.66272251270091
-0.173772770123628
-0.645280893003648
-0.368742489564983
-0.580088429498245
-0.848346027103263
-0.586268135344245
-0.513735554561757
-0.441766013645237
0.692930974778113
-0.0965595526156395
0.00935251311288887
0.406017531857998
0.0928815371313458
0.0302193198528862
0.167346992575666
-0.735817016817487
-0.761606989214801
-1.44143642933345
0.889521150419087
1.20584655999626
0.92384598322371
1.89783015729131
0.961851174176621
-0.692002902369335
0.37673602565769
-0.392620186319952
-0.632924914481558
-0.638692639937826
-1.22031282148385
-0.348349460273177
0.131751886902697
-0.101058231335678
-1.51476893870601
-0.110471247561817
0.242430418604588
-0.376443089683084
-0.447121758711772
-0.590683191854223
0.20452822274911
-0.335990048581174
-1.41411869632421
-1.19764703370868
-0.818120399176488
-1.05087901986614
-2.19628749842256
-0.0117721365262025
-0.585959150051945
1.869299779623
0.0129573415230571
0.33641344501253
-0.0499726630087292
-0.220223559066078
-0.318652540513225
-1.24605472950236
-0.318546112245878
-0.756107051011858
1.08647524207099
1.47420764315156
2.32643322007124
0.873237625514871
0.327504369084545
-0.1427266145873
-0.684525458295672
-0.701931629761912
-0.828763225911267
-1.1226666027772
0.636966872002738
-0.787829541021337
1.28165095170721
3.14885642986931
0.999856365129531
-0.0162898329781047
0.283731452675365
-0.00309272782697434
-0.203744343476739
-0.625818252758657
-1.07088753412753
-1.54958128163848
0.167086071662165
-1.2600620627533
-0.497177376064387
1.9086630345035
-0.148847956544754
-0.262245558818888
0.334611030807446
-0.455519292322506
-0.3061214703255
-0.0262837905990541
-0.735957776783978
-1.01977450044127
-1.81045756392744
-2.81621498987397
0.479216147603887
2.18622848002376
0.848041591512757
0.749248694054677
0.318852780900142
-0.233509926634978
-0.403039857010294
-0.538993385622332
-0.991279190151369
-2.28022850283075
-0.854625294876785
-2.70693719149717
-0.7769120606934
1.00451689328839
0.603119249816222
-0.158371569887429
-0.199109564092236
0.207635241521682
-0.230420073711981
-0.456288322383342
-0.923377955583469
-2.06105493549256
-1.66305441365073
0.270136099814163
-0.0519295698599631
-0.00704577775703896
4.03223802376258
1.00446367915472
-0.407777631492227
-0.802901156945749
-0.812548364405343
-0.788756496898236
-1.59802674230122
-0.385942670836355
-0.391449475379126
-2.20421812092493
-0.458142234137142
-1.43835393320312
0.0399420570505953
1.0079758119772
0.296914825146835
0.131751886902697
-0.150907858493422
-0.75250222260169
-0.564608266354009
-1.25769317551234
2.25861438158128
0.247580173476257
