0.373226195544204
-0.179136511990917
-0.495228466013907
0.871310486731942
0.599918404995034
0.235933730665531
0.625461189158508
0.117798353909465
-0.306850432808287
-0.0354583510713775
0.510518660422875
-0.0194941109692062
-0.0322655030509433
0.791489286221088
1.28638072938839
0.536061444586349
0.446661700014191
-0.0194941109692071
0.373226195544204
-0.00352987086703527
-0.2334149283383
-0.622942386831276
-0.131243791684404
0.40834752376898
0.536061444586349
1.22252376897971
1.75892223641266
0.76275365403718
0.628654037178942
0.306176387115085
0.0475556974599129
0.366840499503335
-0.373900241237406
-0.74746345962821
0.807453526323259
-0.0386511990918126
-0.677220803178657
0.545639988647652
1.15547396055059
0.258283666808571
0.20400525046119
0.552025684688521
0.13695544203207
0.469011636157231
-0.0641939832552865
0.756367957996311
-0.900720164609053
0.347683411380729
0.98944586348801
0.130569745991202
1.14908826450972
0.864924790691075
0.373226195544204
0.392383283666809
0.587147012913297
0.248705122747269
0.395576131687243
-0.616556690790407
1.12035263232581
0.941553143181497
0.417926067830283
1.67271533986093
0.255090818788137
1.31192351355187
0.392383283666809
0.350876259401164
0.504132964382007
0.216776642542926
-0.485649921952603
0.823417766425431
0.0124343692351361
0.14334113807294
-0.233414928338299
0.526482900525047
0.666968213424153
0.651003973321981
1.062881367958
0.590339860933732
0.0347843053781758
0.0794841776642552
0.172076770256847
-0.517578402156946
0.235933730665532
-0.016301262948772
0.0890627217255577
0.638232581240245
0.995831559528878
0.775525046118917
0.682932453526324
0.15930537817511
0.459433092095928
0.191233858379452
0.178462466297716
-0.648485170994749
-0.0705796792961539
0.622268341138074
0.213583794522492
1.25445224918405
0.916010359018023
0.756367957996311
1.12354548034625
0.344490563360295
0.267862210869874
0.350876259401164
0.0283986093373074
-0.456914289768696
-0.00991556690790363
0.890467574854548
0.702089541648929
0.749982261955443
0.443468851993757
0.855346246629773
1.12354548034625
0.0762913296438206
0.411540371789414
0.194426706399887
-0.332393216971761
-0.258957712501774
0.258283666808572
-0.530349794238683
0.670161061444586
0.296597843053782
1.68229388392224
0.229548034624663
0.580761316872429
0.49136157230027
0.223162338583795
0.216776642542926
-0.313236128849156
-0.74746345962821
0.555218532708955
-0.43775720164609
0.711668085710231
1.39813041010359
0.411540371789414
1.35023768979708
0.587147012913297
0.334912019298993
0.226355186604229
0.497747268341139
-0.223836384276997
-0.249379168440471
-0.12805094366397
-0.147208031786576
-0.0322655030509433
1.05968851993756
0.587147012913297
0.88408187881368
0.864924790691076
0.296597843053782
0.625461189158508
-0.0929296154391932
0.0475556974599125
-0.0801582233574565
-0.571856818504327
0.200812402440755
0.0507485454803462
1.64078685965659
0.746789413935009
0.449854548034625
0.727632325812403
0.721246629771534
0.344490563360296
0.334912019298994
0.1209912019299
0.443468851993757
-0.0833510713778911
-1.01566269334469
-0.0131084149283387
0.114605505889032
1.16185965659146
0.590339860933732
0.625461189158508
0.0762913296438206
0.21996949056336
0.232740882645097
-0.054615439193983
-0.204679296154392
0.00604867319426772
-0.367514545196537
-0.613363842769973
-0.00991556690790363
0.344490563360296
0.749982261955443
0.127376897970767
0.0730984816233864
0.184848162338584
0.0507485454803471
-0.0961224634596278
0.593532708954165
-0.0386511990918117
0.670161061444586
0.437083155952889
0.96709592734497
0.670161061444587
0.536061444586349
0.727632325812404
0.481783028238968
0.456240244075494
0.264669362849439
-0.568663970483894
-0.108893855541365
-0.265343408542642
0.149726834113808
0.96709592734497
1.22890946502058
0.874503334752378
1.14908826450972
0.864924790691075
0.82341776642543
0.20400525046119
-0.108893855541365
-0.421792961543919
-0.00672271888746945
-0.776199091812118
1.51307293883922
0.510518660422875
1.64717255569746
0.935167447140627
1.63759401163616
0.497747268341139
0.175269618277282
0.283826450972046
0.293404995033348
-0.405828721441747
0.197619554420322
-0.386671633319143
0.0124343692351361
0.117798353909466
-0.281307648644813
0.983060167447142
0.976674471406273
0.651003973321981
0.635039733219811
0.53606144458635
0.063519937562083
-0.313236128849155
0.140148290052505
0.00285582517383265
0.526482900525046
0.0890627217255577
0.0443628494394783
0.427504611891586
0.34768341138073
1.08523130410104
0.500940116361573
0.651003973321981
-0.144015183766141
-0.144015183766141
-0.262150560522208
-1.20723357457074
2.07820703845608
-0.0578082872144168
-0.15040087980701
0.657389669362849
0.472204484177665
0.309369235135519
0.395576131687243
0.373226195544202
0.210390946502057
0.0699056336029522
0.2423194267064
0.0539413935007813
0.484975876259401
-0.954998580956435
-0.0897367674187595
0.520097204484178
1.71102951610614
1.09480984816234
0.296597843053782
0.146533986093374
0.226355186604229
-0.217450688236129
-0.409021569462182
-0.412214417482617
0.13695544203207
0.663775365403719
0.564797076770258
0.906431814956719
0.267862210869874
1.14270256846885
0.532868596565915
0.207198098481623
0.283826450972046
0.172076770256847
-0.118472399602668
0.663775365403718
-0.383478785298708
0.207198098481624
0.51371150844331
1.27999503334752
0.67973960550589
0.526482900525046
0.165691074215979
0.229548034624663
0.0475556974599125
-0.517578402156946
-0.725113523485171
0.101834113807294
-0.134436639704839
0.938360295161062
0.916010359018022
0.360454803462467
1.13312402440755
0.475397332198099
0.647811125301547
0.500940116361573
0.360454803462467
-0.153593727827444
-0.811320420036895
-0.466492833829998
-0.249379168440471
0.194426706399887
0.0954484177664261
0.395576131687243
0.753175109975876
0.536061444586349
0.5967255569746
0.40834752376898
0.146533986093373
-0.383478785298708
0.290212147012913
0.0315914573577407
-0.284500496665247
0.884081878813681
0.928781751099759
0.622268341138073
0.446661700014191
0.312562083155953
0.264669362849439
0.322140627217256
-0.00352987086703482
-0.0290726550305092
-0.246186320420037
-0.46010713778913
-0.37709308925784
-0.903913012629487
0.555218532708954
0.312562083155953
1.36620192989925
-0.10570100752093
-0.0290726550305087
0.248705122747269
-0.0418440471122459
-0.191907904072655
-0.0546154391939822
0.481783028238967
0.775525046118916
-0.504807010075209
0.149726834113808
0.718053781751101
0.842574854548036
0.0603270895416497
0.258283666808571
0.172076770256847
-0.0290726550305092
-0.370707393216971
0.456240244075493
-0.370707393216972
-0.0673868312757198
-0.252572016460905
0.0507485454803462
0.603111253015468
0.536061444586349
0.77871789413935
0.38599758762594
0.251897970767703
-0.0163012629487729
-0.265343408542642
-0.249379168440471
0.101834113807294
-0.677220803178658
-0.488842769973038
-0.389864481339577
0.433890307932455
0.676546757485456
0.417926067830283
0.414733219809849
-0.0737725273165881
0.0826770256846885
-0.357936001135235
0.0762913296438206
-0.677220803178657
0.127376897970768
-1.11464098197815
0.0507485454803471
-0.169557967929615
0.465818788136796
0.165691074215979
0.0954484177664252
0.405154675748546
0.0954484177664252
0.267862210869874
0.625461189158508
-0.763427699730381
-0.214257840215695
0.347683411380729
0.315754931176388
-0.434564353625656
0.999024407549313
0.395576131687243
0.430697459912019
-0.0673868312757198
0.00285582517383354
0.168883922236413
-0.661256563076486
-0.683606499219526
-0.380285937278274
0.421118915850717
0.152919682134241
0.689318149567193
0.165691074215979
0.437083155952888
0.0762913296438206
0.0603270895416488
-0.0226869589896412
0.168883922236413
-0.629328082872143
-0.278114800624379
0.149726834113808
0.449854548034625
0.606304101035902
0.00924152121470101
-0.0737725273165881
0.149726834113808
0.0347843053781749
0.267862210869874
-0.0737725273165881
-0.0801582233574565
-0.600592450688235
0.156112530154676
-0.182329360011352
-0.418600113523485
-0.58143536256563
-0.482457073932169
-0.0258798070100754
0.32533347523769
0.453047396055059
-0.112086703561799
-0.313236128849155
-0.670835107137789
-0.424985809564353
0.293404995033348
-0.156786575847878
0.0188200652760044
-0.600592450688235
-0.18871505605222
1.23848800908188
-0.0705796792961539
0.00604867319426772
0.0539413935007804
-0.236607776358734
0.175269618277281
-0.587821058606499
-0.587821058606499
-0.846441748261671
-0.485649921952603
-0.147208031786576
0.213583794522492
0.376419043564638
0.149726834113808
0.162498226195544
-0.0194941109692071
-0.0961224634596278
-0.124858095643536
-0.332393216971761
-0.415407265503051
-0.0737725273165881
-1.00608414928338
-0.696377891301263
-0.316428976869589
0.960710231304102
-0.453721441748261
0.172076770256848
0.207198098481624
-0.0833510713778907
-0.463299985809564
-0.501614162054775
0.18165531431815
0.30936923513552
0.462625940116362
-0.0482297431531142
0.753175109975878
0.379611891585072
-0.29407904072655
-0.0482297431531142
0.0347843053781749
-0.265343408542642
-0.453721441748261
-0.440950049666525
-0.370707393216972
-0.881563076486448
-0.62613523485171
-0.214257840215694
-0.105701007520931
-0.198293600113523
0.315754931176388
0.14334113807294
0.0475556974599125
-0.268536256563076
-0.635713778913012
-0.322814672910458
-0.112086703561799
-0.137629487725273
0.322140627217256
-0.118472399602668
-0.326007520930892
0.30298353909465
-0.0226869589896403
-0.054615439193983
-0.108893855541365
-0.357936001135235
-0.364321697176103
-0.230222080317866
-0.530349794238683
-0.415407265503051
-0.242993472399602
-0.587821058606499
-0.204679296154392
0.223162338583795
-0.0450368951326801
-0.179136511990918
-0.112086703561799
-0.108893855541365
-0.527156946218248
-0.153593727827444
-0.8304775081595
-0.274921952603945
-0.584628210586065
-0.0610011352348514
-0.0961224634596278
0.347683411380729
-0.000337022846600643
-0.0194941109692071
0.143341138072939
-0.179136511990917
-0.469685681850433
-0.549506882361288
-0.472878529870867
-0.364321697176103
-0.862405988363843
-0.389864481339576
0.312562083155953
-0.12805094366397
-0.0131084149283378
-0.0865439193983248
-0.310043280828721
0.0379771533986091
-0.507999858095643
-0.310043280828721
-0.527156946218248
-0.654870867035618
-0.919877252731659
0.00604867319426772
0.379611891585072
-0.530349794238683
0.168883922236413
0.0124343692351361
0.0571342415212155
0.0475556974599125
-0.523964098197815
-0.923070100752093
-0.824091812118632
-0.721920675464736
-0.68679934723996
-0.568663970483894
0.539254292606783
0.421118915850717
-0.242993472399603
-0.25576486448134
-0.102508159500496
-0.242993472399603
-0.488842769973038
-0.559085426422591
-0.530349794238683
-0.469685681850433
-0.147208031786575
-0.297271888746984
-0.150400879807009
-0.00352987086703527
-0.0833510713778911
-0.0929296154391932
0.0315914573577416
-0.364321697176103
-0.52077125017738
-0.827284660139066
-0.0833510713778907
-0.0514225911735493
-0.121665247623102
0.271055058890308
0.0826770256846885
-0.348357457073932
0.1209912019299
-0.227029232297431
-0.262150560522208
-0.310043280828721
-0.689992195260394
-0.511192706116078
-0.341971761033063
-0.476071377891301
-0.798549027955158
-0.466492833829999
-0.0801582233574565
-0.297271888746984
-0.3547431531148
-0.2334149283383
0.00604867319426772
-0.357936001135235
-0.76981339577125
-0.811320420036895
-0.674027955158223
-0.725113523485171
-1.10506243791684
-0.265343408542642
-0.405828721441748
0.481783028238968
-0.099315311480062
0.0124343692351361
-0.0737725273165881
-0.268536256563076
-0.332393216971761
-0.859213140343408
-0.511192706116077
-0.613363842769973
-0.0226869589896412
0.111412657868597
0.532868596565915
0.159305378175111
0.0092415212147019
-0.0194941109692071
-0.412214417482617
-0.380285937278274
-0.591013906626933
-0.712342131403433
-0.134436639704838
-0.575049666524762
0.0220129132964386
0.651003973321981
0.124184049950333
-0.227029232297431
0.0826770256846894
-0.108893855541365
-0.0705796792961539
-0.31642897686959
-0.788970483893855
-0.878370228466014
-0.431371505605221
-0.763427699730382
-0.511192706116077
0.360454803462467
-0.239800624379168
-0.204679296154391
0.0858698737051227
-0.300464736767419
-0.179136511990919
-0.2334149283383
-0.504807010075209
-0.725113523485171
-0.929455796792961
-1.18807648644813
-0.217450688236128
0.481783028238967
0.0539413935007804
0.0954484177664252
0.0156272172555703
-0.099315311480062
-0.217450688236128
-0.265343408542642
-0.670835107137789
-1.13699091812119
-0.721920675464736
-1.15934085426423
-0.568663970483894
-0.00672271888746945
-0.134436639704838
-0.0833510713778907
-0.191907904072655
-0.0929296154391936
-0.112086703561799
-0.329200368951327
-0.600592450688236
-1.03162693344686
-0.926262948772527
-0.367514545196537
-0.386671633319143
-0.319621824890024
0.995831559528878
0.210390946502059
-0.300464736767418
-0.31642897686959
-0.367514545196537
-0.476071377891301
-0.827284660139066
-0.507999858095644
-0.514385554136512
-1.00289130126295
-0.373900241237406
-0.632520930892579
-0.121665247623103
0.152919682134241
0.152919682134241
0.0571342415212146
-0.131243791684404
-0.383478785298709
-0.415407265503051
-0.744270611607776
0.398768979707677
-0.172750815950049
